Welcome to 2D array calculator! Choose an option from below:
1. Copy a 2D array
2. Print a 2D array
3. Broadcast two sizes in the same dimension
4. Broadcast two 2D arrays and get the resulting 2D array size
5. Perform arithmetic operations on two 2D arrays (and view them as ASCII arts)
Your option: Input the arithmetic operation as one character (+-*/): Input the left 2D array:
2D array height: 2D array width: 2D array data (4096 numbers expected):
Input the right 2D array:
2D array height: 2D array width: 2D array data (4096 numbers expected):
Calculating...
Resulting 2D array:
[[255.000000 255.000000 255.000000 255.000000 255.000000 255.000000 255.000000 255.000000 255.000000 255.000000 255.000000 255.000000 255.000000 255.000000 255.000000 255.000000 255.000000 255.000000 255.000000 255.000000 255.000000 255.000000 255.000000 255.000000 255.000000 255.000000 255.000000 255.000000 255.000000 255.000000 255.000000 255.000000 255.000000 255.000000 255.000000 255.000000 255.000000 255.000000 255.000000 255.000000 255.000000 255.000000 255.000000 255.000000 255.000000 255.000000 255.000000 255.000000 255.000000 255.000000 255.000000 255.000000 255.000000 255.000000 255.000000 255.000000 255.000000 255.000000 255.000000 255.000000 255.000000 255.000000 255.000000 255.000000]
 [255.000000 255.000000 255.000000 255.000000 255.000000 255.000000 255.000000 255.000000 255.000000 255.000000 255.000000 255.000000 255.000000 255.000000 255.000000 255.000000 255.000000 255.000000 255.000000 255.000000 255.000000 255.000000 255.000000 255.000000 255.000000 255.000000 255.000000 255.000000 255.000000 255.000000 255.000000 255.000000 255.000000 255.000000 255.000000 255.000000 255.000000 255.000000 255.000000 255.000000 255.000000 255.000000 255.000000 255.000000 255.000000 255.000000 255.000000 255.000000 255.000000 255.000000 255.000000 255.000000 255.000000 255.000000 255.000000 255.000000 255.000000 255.000000 255.000000 255.000000 255.000000 255.000000 255.000000 255.000000]
 [255.000000 255.000000 255.000000 255.000000 255.000000 255.000000 255.000000 255.000000 255.000000 255.000000 255.000000 255.000000 255.000000 255.000000 255.000000 255.000000 255.000000 255.000000 255.000000 255.000000 255.000000 255.000000 255.000000 255.000000 255.000000 255.000000 255.000000 255.000000 255.000000 255.000000 255.000000 255.000000 255.000000 255.000000 255.000000 255.000000 255.000000 255.000000 255.000000 255.000000 255.000000 255.000000 255.000000 255.000000 255.000000 255.000000 255.000000 255.000000 255.000000 255.000000 255.000000 255.000000 255.000000 255.000000 255.000000 255.000000 255.000000 255.000000 255.000000 255.000000 255.000000 255.000000 255.000000 255.000000]
 [255.000000 255.000000 255.000000 255.000000 255.000000 255.000000 255.000000 255.000000 255.000000 255.000000 255.000000 255.000000 255.000000 255.000000 255.000000 255.000000 255.000000 255.000000 255.000000 255.000000 255.000000 255.000000 255.000000 255.000000 255.000000 255.000000 255.000000 255.000000 255.000000 255.000000 255.000000 255.000000 255.000000 255.000000 255.000000 255.000000 255.000000 255.000000 255.000000 255.000000 255.000000 255.000000 255.000000 255.000000 255.000000 255.000000 255.000000 255.000000 255.000000 255.000000 255.000000 255.000000 255.000000 255.000000 255.000000 255.000000 255.000000 255.000000 255.000000 255.000000 255.000000 255.000000 255.000000 255.000000]
 [255.000000 255.000000 255.000000 255.000000 255.000000 255.000000 255.000000 255.000000 255.000000 255.000000 255.000000 255.000000 255.000000 255.000000 255.000000 255.000000 255.000000 255.000000 255.000000 255.000000 255.000000 255.000000 255.000000 255.000000 255.000000 255.000000 255.000000 255.000000 255.000000 255.000000 255.000000 255.000000 255.000000 255.000000 255.000000 255.000000 255.000000 255.000000 255.000000 255.000000 255.000000 255.000000 255.000000 255.000000 255.000000 255.000000 255.000000 255.000000 255.000000 255.000000 255.000000 255.000000 255.000000 255.000000 255.000000 255.000000 255.000000 255.000000 255.000000 255.000000 255.000000 255.000000 255.000000 255.000000]
 [255.000000 255.000000 255.000000 255.000000 255.000000 255.000000 255.000000 255.000000 255.000000 255.000000 255.000000 255.000000 255.000000 255.000000 255.000000 255.000000 255.000000 255.000000 255.000000 255.000000 255.000000 255.000000 255.000000 255.000000 255.000000 255.000000 255.000000 255.000000 255.000000 255.000000 255.000000 255.000000 255.000000 255.000000 255.000000 255.000000 255.000000 255.000000 255.000000 255.000000 255.000000 255.000000 255.000000 255.000000 255.000000 255.000000 255.000000 255.000000 255.000000 255.000000 255.000000 255.000000 255.000000 255.000000 255.000000 255.000000 255.000000 255.000000 255.000000 255.000000 255.000000 255.000000 255.000000 255.000000]
 [255.000000 255.000000 255.000000 255.000000 255.000000 255.000000 255.000000 255.000000 255.000000 255.000000 255.000000 255.000000 255.000000 253.000000 227.000000 255.000000 255.000000 255.000000 255.000000 255.000000 255.000000 255.000000 230.000000 227.000000 255.000000 255.000000 255.000000 255.000000 255.000000 243.000000 223.000000 255.000000 255.000000 255.000000 223.000000 223.000000 223.000000 223.000000 223.000000 223.000000 223.000000 247.000000 255.000000 215.000000 255.000000 255.000000 255.000000 255.000000 255.000000 215.000000 255.000000 255.000000 255.000000 255.000000 255.000000 255.000000 255.000000 255.000000 255.000000 255.000000 255.000000 255.000000 255.000000 255.000000]
 [255.000000 255.000000 255.000000 255.000000 255.000000 255.000000 255.000000 255.000000 255.000000 255.000000 255.000000 255.000000 255.000000 91.000000 0.000000 40.000000 255.000000 255.000000 255.000000 255.000000 255.000000 241.000000 20.000000 0.000000 170.000000 255.000000 255.000000 255.000000 255.000000 80.000000 0.000000 167.000000 255.000000 223.000000 0.000000 0.000000 0.000000 0.000000 0.000000 0.000000 0.000000 167.000000 211.000000 0.000000 195.000000 255.000000 255.000000 255.000000 204.000000 0.000000 234.000000 255.000000 255.000000 255.000000 255.000000 255.000000 255.000000 255.000000 255.000000 255.000000 255.000000 255.000000 255.000000 255.000000]
 [255.000000 255.000000 255.000000 255.000000 255.000000 255.000000 255.000000 255.000000 255.000000 255.000000 255.000000 255.000000 255.000000 86.000000 0.000000 0.000000 195.000000 255.000000 255.000000 255.000000 255.000000 143.000000 0.000000 0.000000 170.000000 255.000000 255.000000 255.000000 235.000000 4.000000 56.000000 68.000000 255.000000 255.000000 255.000000 255.000000 223.000000 0.000000 191.000000 255.000000 255.000000 255.000000 211.000000 0.000000 191.000000 255.000000 255.000000 255.000000 204.000000 0.000000 234.000000 255.000000 255.000000 255.000000 255.000000 255.000000 255.000000 255.000000 255.000000 255.000000 255.000000 255.000000 255.000000 255.000000]
 [255.000000 255.000000 255.000000 255.000000 255.000000 255.000000 255.000000 255.000000 255.000000 255.000000 255.000000 255.000000 255.000000 86.000000 0.000000 5.000000 98.000000 255.000000 255.000000 255.000000 255.000000 45.000000 126.000000 0.000000 170.000000 255.000000 255.000000 255.000000 151.000000 48.000000 175.000000 4.000000 231.000000 255.000000 255.000000 255.000000 223.000000 0.000000 191.000000 255.000000 255.000000 255.000000 211.000000 0.000000 191.000000 255.000000 255.000000 255.000000 204.000000 0.000000 234.000000 255.000000 255.000000 255.000000 255.000000 255.000000 255.000000 255.000000 255.000000 255.000000 255.000000 255.000000 255.000000 255.000000]
 [255.000000 255.000000 255.000000 255.000000 255.000000 255.000000 255.000000 255.000000 255.000000 255.000000 255.000000 255.000000 255.000000 86.000000 0.000000 125.000000 1.000000 246.000000 255.000000 255.000000 185.000000 0.000000 232.000000 0.000000 170.000000 255.000000 255.000000 255.000000 60.000000 131.000000 251.000000 20.000000 143.000000 255.000000 255.000000 255.000000 223.000000 0.000000 191.000000 255.000000 255.000000 255.000000 211.000000 0.000000 191.000000 255.000000 255.000000 255.000000 202.000000 0.000000 234.000000 255.000000 255.000000 255.000000 255.000000 255.000000 255.000000 255.000000 255.000000 255.000000 255.000000 255.000000 255.000000 255.000000]
 [255.000000 255.000000 255.000000 255.000000 255.000000 255.000000 255.000000 255.000000 255.000000 255.000000 255.000000 255.000000 255.000000 87.000000 10.000000 255.000000 0.000000 143.000000 255.000000 255.000000 84.000000 97.000000 232.000000 0.000000 170.000000 255.000000 255.000000 223.000000 0.000000 223.000000 255.000000 104.000000 48.000000 255.000000 255.000000 255.000000 223.000000 0.000000 191.000000 255.000000 255.000000 255.000000 211.000000 0.000000 0.000000 0.000000 0.000000 0.000000 0.000000 0.000000 234.000000 255.000000 255.000000 255.000000 255.000000 255.000000 255.000000 255.000000 255.000000 255.000000 255.000000 255.000000 255.000000 255.000000]
 [255.000000 255.000000 255.000000 255.000000 255.000000 255.000000 255.000000 255.000000 255.000000 255.000000 255.000000 255.000000 255.000000 87.000000 27.000000 255.000000 74.000000 44.000000 255.000000 227.000000 0.000000 213.000000 232.000000 0.000000 170.000000 255.000000 255.000000 131.000000 60.000000 255.000000 255.000000 195.000000 0.000000 215.000000 255.000000 255.000000 223.000000 0.000000 191.000000 255.000000 255.000000 255.000000 211.000000 0.000000 129.000000 170.000000 170.000000 170.000000 131.000000 0.000000 234.000000 255.000000 255.000000 255.000000 255.000000 255.000000 255.000000 255.000000 255.000000 255.000000 255.000000 255.000000 255.000000 255.000000]
 [255.000000 255.000000 255.000000 255.000000 255.000000 255.000000 255.000000 255.000000 255.000000 255.000000 255.000000 255.000000 255.000000 87.000000 43.000000 255.000000 187.000000 0.000000 196.000000 123.000000 54.000000 255.000000 232.000000 0.000000 170.000000 255.000000 255.000000 40.000000 28.000000 64.000000 64.000000 64.000000 0.000000 124.000000 255.000000 255.000000 223.000000 0.000000 191.000000 255.000000 255.000000 255.000000 211.000000 0.000000 198.000000 255.000000 255.000000 255.000000 196.000000 0.000000 234.000000 255.000000 255.000000 255.000000 255.000000 255.000000 255.000000 255.000000 255.000000 255.000000 255.000000 255.000000 255.000000 255.000000]
 [255.000000 255.000000 255.000000 255.000000 255.000000 255.000000 255.000000 255.000000 255.000000 255.000000 255.000000 255.000000 255.000000 87.000000 60.000000 255.000000 255.000000 42.000000 93.000000 14.000000 164.000000 255.000000 232.000000 0.000000 170.000000 255.000000 207.000000 0.000000 147.000000 159.000000 159.000000 159.000000 80.000000 28.000000 255.000000 255.000000 223.000000 0.000000 191.000000 255.000000 255.000000 255.000000 211.000000 0.000000 198.000000 255.000000 255.000000 255.000000 196.000000 0.000000 234.000000 255.000000 255.000000 255.000000 255.000000 255.000000 255.000000 255.000000 255.000000 255.000000 255.000000 255.000000 255.000000 255.000000]
 [255.000000 255.000000 255.000000 255.000000 255.000000 255.000000 255.000000 255.000000 255.000000 255.000000 255.000000 255.000000 255.000000 87.000000 61.000000 255.000000 255.000000 144.000000 0.000000 12.000000 255.000000 255.000000 232.000000 0.000000 170.000000 255.000000 112.000000 48.000000 255.000000 255.000000 255.000000 255.000000 195.000000 0.000000 195.000000 255.000000 223.000000 0.000000 191.000000 255.000000 255.000000 255.000000 211.000000 0.000000 198.000000 255.000000 255.000000 255.000000 196.000000 0.000000 234.000000 255.000000 255.000000 255.000000 255.000000 255.000000 255.000000 255.000000 255.000000 255.000000 255.000000 255.000000 255.000000 255.000000]
 [255.000000 255.000000 255.000000 255.000000 255.000000 255.000000 255.000000 255.000000 255.000000 255.000000 255.000000 255.000000 255.000000 88.000000 61.000000 255.000000 255.000000 249.000000 10.000000 115.000000 255.000000 255.000000 237.000000 0.000000 170.000000 255.000000 24.000000 135.000000 255.000000 255.000000 255.000000 255.000000 255.000000 36.000000 108.000000 255.000000 227.000000 0.000000 191.000000 255.000000 255.000000 255.000000 211.000000 0.000000 198.000000 255.000000 255.000000 255.000000 202.000000 0.000000 234.000000 255.000000 255.000000 255.000000 255.000000 255.000000 255.000000 255.000000 255.000000 255.000000 255.000000 255.000000 255.000000 255.000000]
 [255.000000 255.000000 255.000000 255.000000 255.000000 255.000000 255.000000 255.000000 255.000000 255.000000 255.000000 255.000000 255.000000 249.000000 249.000000 255.000000 255.000000 255.000000 249.000000 255.000000 255.000000 255.000000 255.000000 249.000000 255.000000 255.000000 255.000000 255.000000 255.000000 255.000000 255.000000 255.000000 255.000000 255.000000 255.000000 255.000000 255.000000 255.000000 255.000000 255.000000 255.000000 255.000000 255.000000 240.000000 255.000000 255.000000 255.000000 255.000000 255.000000 240.000000 255.000000 255.000000 255.000000 255.000000 255.000000 255.000000 255.000000 255.000000 255.000000 255.000000 255.000000 255.000000 255.000000 255.000000]
 [255.000000 255.000000 255.000000 255.000000 255.000000 255.000000 255.000000 255.000000 255.000000 255.000000 255.000000 255.000000 255.000000 255.000000 255.000000 255.000000 255.000000 255.000000 255.000000 255.000000 255.000000 255.000000 255.000000 255.000000 255.000000 255.000000 255.000000 255.000000 255.000000 255.000000 255.000000 255.000000 255.000000 255.000000 255.000000 255.000000 255.000000 255.000000 255.000000 255.000000 255.000000 255.000000 255.000000 255.000000 255.000000 255.000000 255.000000 255.000000 255.000000 255.000000 255.000000 255.000000 255.000000 255.000000 255.000000 255.000000 255.000000 255.000000 255.000000 255.000000 255.000000 255.000000 255.000000 255.000000]
 [255.000000 255.000000 255.000000 255.000000 255.000000 255.000000 255.000000 255.000000 255.000000 255.000000 255.000000 255.000000 255.000000 255.000000 255.000000 255.000000 255.000000 255.000000 255.000000 255.000000 255.000000 255.000000 255.000000 255.000000 255.000000 255.000000 255.000000 255.000000 255.000000 255.000000 255.000000 255.000000 255.000000 255.000000 255.000000 255.000000 255.000000 255.000000 255.000000 255.000000 255.000000 255.000000 255.000000 255.000000 255.000000 255.000000 255.000000 255.000000 255.000000 255.000000 255.000000 255.000000 255.000000 255.000000 255.000000 255.000000 255.000000 255.000000 255.000000 255.000000 255.000000 255.000000 255.000000 255.000000]
 [255.000000 255.000000 255.000000 255.000000 255.000000 255.000000 255.000000 255.000000 255.000000 255.000000 255.000000 255.000000 255.000000 255.000000 255.000000 255.000000 255.000000 255.000000 255.000000 255.000000 255.000000 255.000000 255.000000 255.000000 255.000000 255.000000 255.000000 255.000000 255.000000 255.000000 255.000000 255.000000 255.000000 255.000000 255.000000 255.000000 255.000000 255.000000 255.000000 255.000000 255.000000 255.000000 255.000000 255.000000 255.000000 255.000000 255.000000 255.000000 255.000000 255.000000 255.000000 255.000000 255.000000 255.000000 255.000000 255.000000 255.000000 255.000000 255.000000 255.000000 255.000000 255.000000 255.000000 255.000000]
 [255.000000 255.000000 255.000000 255.000000 255.000000 255.000000 255.000000 255.000000 255.000000 255.000000 255.000000 255.000000 255.000000 255.000000 255.000000 255.000000 255.000000 255.000000 255.000000 255.000000 255.000000 255.000000 255.000000 255.000000 255.000000 255.000000 255.000000 255.000000 255.000000 255.000000 255.000000 255.000000 255.000000 255.000000 255.000000 255.000000 255.000000 255.000000 255.000000 255.000000 255.000000 255.000000 255.000000 255.000000 255.000000 255.000000 255.000000 255.000000 255.000000 255.000000 255.000000 255.000000 255.000000 255.000000 255.000000 255.000000 255.000000 255.000000 255.000000 255.000000 255.000000 255.000000 255.000000 255.000000]
 [255.000000 255.000000 255.000000 255.000000 255.000000 255.000000 255.000000 255.000000 255.000000 255.000000 255.000000 255.000000 255.000000 255.000000 255.000000 255.000000 255.000000 255.000000 255.000000 255.000000 255.000000 255.000000 255.000000 255.000000 255.000000 255.000000 255.000000 255.000000 255.000000 255.000000 255.000000 255.000000 255.000000 255.000000 255.000000 255.000000 255.000000 255.000000 255.000000 255.000000 255.000000 255.000000 255.000000 255.000000 255.000000 255.000000 255.000000 255.000000 255.000000 255.000000 255.000000 255.000000 255.000000 255.000000 255.000000 255.000000 255.000000 255.000000 255.000000 255.000000 255.000000 255.000000 255.000000 255.000000]
 [255.000000 255.000000 255.000000 255.000000 255.000000 255.000000 255.000000 255.000000 255.000000 255.000000 255.000000 255.000000 255.000000 255.000000 255.000000 255.000000 255.000000 255.000000 255.000000 255.000000 255.000000 255.000000 255.000000 255.000000 255.000000 255.000000 255.000000 255.000000 255.000000 255.000000 255.000000 255.000000 255.000000 255.000000 255.000000 255.000000 255.000000 255.000000 255.000000 255.000000 255.000000 255.000000 255.000000 255.000000 255.000000 255.000000 255.000000 255.000000 255.000000 255.000000 255.000000 255.000000 255.000000 255.000000 255.000000 255.000000 255.000000 255.000000 255.000000 255.000000 255.000000 255.000000 255.000000 255.000000]
 [255.000000 255.000000 255.000000 255.000000 255.000000 255.000000 255.000000 255.000000 255.000000 255.000000 255.000000 255.000000 255.000000 255.000000 255.000000 255.000000 255.000000 255.000000 255.000000 255.000000 255.000000 255.000000 255.000000 255.000000 255.000000 255.000000 255.000000 255.000000 255.000000 255.000000 255.000000 255.000000 255.000000 255.000000 255.000000 255.000000 255.000000 255.000000 255.000000 255.000000 255.000000 255.000000 255.000000 255.000000 255.000000 255.000000 255.000000 255.000000 255.000000 255.000000 255.000000 255.000000 255.000000 255.000000 255.000000 255.000000 255.000000 255.000000 255.000000 255.000000 255.000000 255.000000 255.000000 255.000000]
 [255.000000 255.000000 255.000000 255.000000 255.000000 255.000000 255.000000 255.000000 255.000000 255.000000 255.000000 255.000000 255.000000 255.000000 255.000000 255.000000 255.000000 255.000000 255.000000 255.000000 255.000000 255.000000 255.000000 255.000000 255.000000 255.000000 255.000000 255.000000 255.000000 255.000000 255.000000 255.000000 255.000000 255.000000 255.000000 255.000000 255.000000 255.000000 255.000000 255.000000 255.000000 255.000000 255.000000 255.000000 255.000000 255.000000 255.000000 255.000000 255.000000 255.000000 255.000000 255.000000 255.000000 255.000000 255.000000 255.000000 255.000000 255.000000 255.000000 255.000000 255.000000 255.000000 255.000000 255.000000]
 [255.000000 255.000000 255.000000 255.000000 255.000000 255.000000 255.000000 255.000000 255.000000 255.000000 255.000000 255.000000 255.000000 255.000000 255.000000 255.000000 255.000000 242.000000 199.000000 214.000000 255.000000 255.000000 255.000000 255.000000 255.000000 255.000000 237.000000 197.000000 248.000000 255.000000 255.000000 255.000000 255.000000 255.000000 255.000000 209.000000 255.000000 255.000000 255.000000 255.000000 255.000000 255.000000 255.000000 209.000000 246.000000 255.000000 255.000000 255.000000 255.000000 255.000000 255.000000 255.000000 255.000000 255.000000 255.000000 255.000000 255.000000 255.000000 255.000000 255.000000 255.000000 255.000000 255.000000 255.000000]
 [255.000000 255.000000 255.000000 255.000000 255.000000 255.000000 255.000000 255.000000 255.000000 255.000000 255.000000 255.000000 255.000000 255.000000 255.000000 255.000000 122.000000 0.000000 16.000000 0.000000 54.000000 232.000000 255.000000 255.000000 252.000000 78.000000 0.000000 35.000000 0.000000 155.000000 255.000000 255.000000 255.000000 228.000000 88.000000 0.000000 173.000000 255.000000 255.000000 255.000000 255.000000 243.000000 104.000000 0.000000 146.000000 255.000000 255.000000 255.000000 255.000000 255.000000 255.000000 255.000000 255.000000 255.000000 255.000000 255.000000 255.000000 255.000000 255.000000 255.000000 255.000000 255.000000 255.000000 255.000000]
 [255.000000 255.000000 255.000000 255.000000 255.000000 255.000000 255.000000 255.000000 255.000000 255.000000 255.000000 255.000000 255.000000 255.000000 255.000000 255.000000 6.000000 208.000000 255.000000 208.000000 11.000000 107.000000 255.000000 255.000000 83.000000 54.000000 245.000000 255.000000 142.000000 0.000000 227.000000 255.000000 165.000000 12.000000 107.000000 0.000000 169.000000 255.000000 255.000000 255.000000 192.000000 27.000000 92.000000 0.000000 142.000000 255.000000 255.000000 255.000000 255.000000 255.000000 255.000000 255.000000 255.000000 255.000000 255.000000 255.000000 255.000000 255.000000 255.000000 255.000000 255.000000 255.000000 255.000000 255.000000]
 [255.000000 255.000000 255.000000 255.000000 255.000000 255.000000 255.000000 255.000000 255.000000 255.000000 255.000000 255.000000 255.000000 255.000000 255.000000 255.000000 255.000000 255.000000 255.000000 255.000000 89.000000 64.000000 255.000000 247.000000 4.000000 163.000000 255.000000 255.000000 255.000000 23.000000 146.000000 255.000000 112.000000 217.000000 255.000000 0.000000 165.000000 255.000000 255.000000 255.000000 196.000000 203.000000 255.000000 0.000000 138.000000 255.000000 255.000000 255.000000 255.000000 255.000000 255.000000 255.000000 255.000000 255.000000 255.000000 255.000000 255.000000 255.000000 255.000000 255.000000 255.000000 255.000000 255.000000 255.000000]
 [255.000000 255.000000 255.000000 255.000000 255.000000 255.000000 255.000000 255.000000 255.000000 255.000000 255.000000 255.000000 255.000000 255.000000 255.000000 255.000000 255.000000 255.000000 255.000000 255.000000 54.000000 101.000000 255.000000 208.000000 0.000000 217.000000 255.000000 255.000000 255.000000 51.000000 109.000000 255.000000 255.000000 255.000000 255.000000 0.000000 162.000000 255.000000 255.000000 255.000000 255.000000 255.000000 255.000000 0.000000 134.000000 255.000000 255.000000 255.000000 255.000000 255.000000 255.000000 255.000000 255.000000 255.000000 255.000000 255.000000 255.000000 255.000000 255.000000 255.000000 255.000000 255.000000 255.000000 255.000000]
 [255.000000 255.000000 255.000000 255.000000 255.000000 255.000000 255.000000 255.000000 255.000000 255.000000 255.000000 255.000000 255.000000 255.000000 255.000000 255.000000 255.000000 255.000000 255.000000 186.000000 0.000000 187.000000 255.000000 183.000000 0.000000 233.000000 255.000000 255.000000 255.000000 73.000000 85.000000 255.000000 255.000000 255.000000 255.000000 0.000000 162.000000 255.000000 255.000000 255.000000 255.000000 255.000000 255.000000 0.000000 130.000000 255.000000 255.000000 255.000000 255.000000 255.000000 255.000000 255.000000 255.000000 255.000000 255.000000 255.000000 255.000000 255.000000 255.000000 255.000000 255.000000 255.000000 255.000000 255.000000]
 [255.000000 255.000000 255.000000 255.000000 255.000000 255.000000 255.000000 255.000000 255.000000 255.000000 255.000000 255.000000 255.000000 255.000000 255.000000 255.000000 255.000000 255.000000 233.000000 37.000000 117.000000 255.000000 255.000000 184.000000 0.000000 231.000000 255.000000 255.000000 255.000000 70.000000 87.000000 255.000000 255.000000 255.000000 255.000000 0.000000 162.000000 255.000000 255.000000 255.000000 255.000000 255.000000 255.000000 0.000000 129.000000 255.000000 255.000000 255.000000 255.000000 255.000000 255.000000 255.000000 255.000000 255.000000 255.000000 255.000000 255.000000 255.000000 255.000000 255.000000 255.000000 255.000000 255.000000 255.000000]
 [255.000000 255.000000 255.000000 255.000000 255.000000 255.000000 255.000000 255.000000 255.000000 255.000000 255.000000 255.000000 255.000000 255.000000 255.000000 255.000000 255.000000 255.000000 69.000000 88.000000 255.000000 255.000000 255.000000 208.000000 0.000000 217.000000 255.000000 255.000000 255.000000 46.000000 114.000000 255.000000 255.000000 255.000000 255.000000 0.000000 162.000000 255.000000 255.000000 255.000000 255.000000 255.000000 255.000000 0.000000 129.000000 255.000000 255.000000 255.000000 255.000000 255.000000 255.000000 255.000000 255.000000 255.000000 255.000000 255.000000 255.000000 255.000000 255.000000 255.000000 255.000000 255.000000 255.000000 255.000000]
 [255.000000 255.000000 255.000000 255.000000 255.000000 255.000000 255.000000 255.000000 255.000000 255.000000 255.000000 255.000000 255.000000 255.000000 255.000000 255.000000 255.000000 81.000000 56.000000 255.000000 255.000000 255.000000 255.000000 244.000000 1.000000 164.000000 255.000000 255.000000 250.000000 3.000000 173.000000 255.000000 255.000000 255.000000 255.000000 0.000000 162.000000 255.000000 255.000000 255.000000 255.000000 255.000000 255.000000 0.000000 129.000000 255.000000 255.000000 255.000000 255.000000 255.000000 255.000000 255.000000 255.000000 255.000000 255.000000 255.000000 255.000000 255.000000 255.000000 255.000000 255.000000 255.000000 255.000000 255.000000]
 [255.000000 255.000000 255.000000 255.000000 255.000000 255.000000 255.000000 255.000000 255.000000 255.000000 255.000000 255.000000 255.000000 255.000000 255.000000 255.000000 91.000000 11.000000 204.000000 206.000000 206.000000 206.000000 255.000000 255.000000 80.000000 47.000000 198.000000 248.000000 56.000000 24.000000 255.000000 255.000000 255.000000 221.000000 221.000000 0.000000 143.000000 225.000000 255.000000 255.000000 255.000000 221.000000 221.000000 0.000000 113.000000 225.000000 244.000000 255.000000 255.000000 255.000000 255.000000 255.000000 255.000000 255.000000 255.000000 255.000000 255.000000 255.000000 255.000000 255.000000 255.000000 255.000000 255.000000 255.000000]
 [255.000000 255.000000 255.000000 255.000000 255.000000 255.000000 255.000000 255.000000 255.000000 255.000000 255.000000 255.000000 255.000000 255.000000 255.000000 227.000000 0.000000 0.000000 0.000000 0.000000 0.000000 0.000000 208.000000 255.000000 245.000000 72.000000 0.000000 0.000000 39.000000 206.000000 255.000000 255.000000 152.000000 0.000000 0.000000 0.000000 0.000000 0.000000 137.000000 255.000000 181.000000 0.000000 0.000000 0.000000 0.000000 0.000000 108.000000 255.000000 255.000000 255.000000 255.000000 255.000000 255.000000 255.000000 255.000000 255.000000 255.000000 255.000000 255.000000 255.000000 255.000000 255.000000 255.000000 255.000000]
 [255.000000 255.000000 255.000000 255.000000 255.000000 255.000000 255.000000 255.000000 255.000000 255.000000 255.000000 255.000000 255.000000 255.000000 255.000000 255.000000 255.000000 255.000000 255.000000 255.000000 255.000000 255.000000 255.000000 255.000000 255.000000 255.000000 241.000000 228.000000 255.000000 255.000000 255.000000 255.000000 255.000000 255.000000 255.000000 255.000000 255.000000 255.000000 255.000000 255.000000 255.000000 255.000000 255.000000 255.000000 255.000000 255.000000 255.000000 255.000000 255.000000 255.000000 255.000000 255.000000 255.000000 255.000000 255.000000 255.000000 255.000000 255.000000 255.000000 255.000000 255.000000 255.000000 255.000000 255.000000]
 [255.000000 255.000000 255.000000 255.000000 255.000000 255.000000 255.000000 255.000000 255.000000 255.000000 255.000000 255.000000 255.000000 255.000000 255.000000 255.000000 255.000000 255.000000 255.000000 255.000000 255.000000 255.000000 255.000000 255.000000 255.000000 255.000000 255.000000 255.000000 255.000000 255.000000 255.000000 255.000000 255.000000 255.000000 255.000000 255.000000 255.000000 255.000000 255.000000 255.000000 255.000000 255.000000 255.000000 255.000000 255.000000 255.000000 255.000000 255.000000 255.000000 255.000000 255.000000 255.000000 255.000000 255.000000 255.000000 255.000000 255.000000 255.000000 255.000000 255.000000 255.000000 255.000000 255.000000 255.000000]
 [255.000000 255.000000 255.000000 255.000000 255.000000 255.000000 255.000000 255.000000 255.000000 255.000000 255.000000 255.000000 255.000000 255.000000 255.000000 255.000000 255.000000 255.000000 255.000000 255.000000 255.000000 255.000000 255.000000 255.000000 255.000000 255.000000 255.000000 255.000000 255.000000 255.000000 255.000000 255.000000 255.000000 255.000000 255.000000 255.000000 255.000000 255.000000 255.000000 255.000000 255.000000 255.000000 255.000000 255.000000 255.000000 255.000000 255.000000 255.000000 255.000000 255.000000 255.000000 255.000000 255.000000 255.000000 255.000000 255.000000 255.000000 255.000000 255.000000 255.000000 255.000000 255.000000 255.000000 255.000000]
 [255.000000 255.000000 255.000000 255.000000 255.000000 255.000000 255.000000 255.000000 255.000000 255.000000 255.000000 255.000000 255.000000 255.000000 255.000000 255.000000 255.000000 255.000000 255.000000 255.000000 255.000000 255.000000 255.000000 255.000000 255.000000 255.000000 255.000000 255.000000 255.000000 255.000000 255.000000 255.000000 255.000000 255.000000 255.000000 255.000000 255.000000 255.000000 255.000000 255.000000 255.000000 255.000000 255.000000 255.000000 255.000000 255.000000 255.000000 255.000000 255.000000 255.000000 255.000000 255.000000 255.000000 255.000000 255.000000 255.000000 255.000000 255.000000 255.000000 255.000000 255.000000 255.000000 255.000000 255.000000]
 [255.000000 255.000000 255.000000 255.000000 255.000000 255.000000 255.000000 255.000000 255.000000 255.000000 255.000000 255.000000 255.000000 255.000000 255.000000 255.000000 255.000000 255.000000 255.000000 255.000000 255.000000 255.000000 255.000000 255.000000 255.000000 255.000000 255.000000 255.000000 255.000000 255.000000 255.000000 255.000000 255.000000 255.000000 255.000000 255.000000 255.000000 255.000000 255.000000 255.000000 255.000000 255.000000 255.000000 255.000000 255.000000 255.000000 255.000000 255.000000 255.000000 255.000000 255.000000 255.000000 255.000000 255.000000 255.000000 255.000000 255.000000 255.000000 255.000000 255.000000 255.000000 255.000000 255.000000 255.000000]
 [255.000000 255.000000 255.000000 255.000000 255.000000 255.000000 255.000000 255.000000 255.000000 255.000000 255.000000 255.000000 255.000000 255.000000 255.000000 255.000000 255.000000 255.000000 255.000000 255.000000 255.000000 255.000000 255.000000 255.000000 255.000000 255.000000 255.000000 255.000000 255.000000 255.000000 255.000000 255.000000 255.000000 255.000000 255.000000 255.000000 255.000000 255.000000 255.000000 255.000000 255.000000 255.000000 255.000000 255.000000 255.000000 255.000000 255.000000 255.000000 255.000000 255.000000 255.000000 255.000000 255.000000 255.000000 255.000000 255.000000 255.000000 255.000000 255.000000 255.000000 255.000000 255.000000 255.000000 255.000000]
 [255.000000 255.000000 255.000000 255.000000 255.000000 255.000000 255.000000 255.000000 255.000000 255.000000 255.000000 255.000000 255.000000 255.000000 255.000000 255.000000 255.000000 255.000000 255.000000 255.000000 255.000000 255.000000 255.000000 255.000000 255.000000 255.000000 255.000000 255.000000 255.000000 255.000000 255.000000 255.000000 255.000000 255.000000 255.000000 255.000000 255.000000 255.000000 255.000000 255.000000 255.000000 255.000000 255.000000 255.000000 255.000000 255.000000 255.000000 255.000000 255.000000 255.000000 255.000000 255.000000 255.000000 255.000000 255.000000 255.000000 255.000000 255.000000 255.000000 255.000000 255.000000 255.000000 255.000000 255.000000]
 [255.000000 255.000000 255.000000 255.000000 255.000000 255.000000 255.000000 255.000000 255.000000 255.000000 255.000000 255.000000 255.000000 255.000000 255.000000 255.000000 255.000000 255.000000 255.000000 255.000000 255.000000 255.000000 255.000000 255.000000 255.000000 255.000000 255.000000 255.000000 255.000000 255.000000 255.000000 255.000000 255.000000 255.000000 255.000000 255.000000 255.000000 255.000000 255.000000 255.000000 255.000000 255.000000 255.000000 255.000000 255.000000 255.000000 255.000000 255.000000 255.000000 255.000000 255.000000 255.000000 255.000000 255.000000 255.000000 255.000000 255.000000 255.000000 255.000000 255.000000 255.000000 255.000000 255.000000 255.000000]
 [255.000000 255.000000 255.000000 255.000000 255.000000 255.000000 255.000000 255.000000 255.000000 255.000000 255.000000 255.000000 189.000000 215.000000 255.000000 255.000000 255.000000 255.000000 255.000000 255.000000 255.000000 255.000000 255.000000 255.000000 255.000000 255.000000 193.000000 59.000000 14.000000 121.000000 255.000000 255.000000 255.000000 255.000000 255.000000 255.000000 255.000000 255.000000 255.000000 255.000000 255.000000 255.000000 255.000000 255.000000 255.000000 255.000000 255.000000 255.000000 113.000000 74.000000 255.000000 255.000000 255.000000 255.000000 255.000000 255.000000 255.000000 255.000000 255.000000 255.000000 255.000000 255.000000 255.000000 255.000000]
 [255.000000 255.000000 255.000000 255.000000 255.000000 255.000000 255.000000 255.000000 255.000000 255.000000 255.000000 255.000000 18.000000 98.000000 255.000000 255.000000 255.000000 255.000000 255.000000 255.000000 255.000000 255.000000 255.000000 255.000000 255.000000 255.000000 68.000000 36.000000 192.000000 177.000000 255.000000 255.000000 255.000000 255.000000 255.000000 255.000000 255.000000 255.000000 255.000000 255.000000 255.000000 255.000000 255.000000 255.000000 255.000000 255.000000 255.000000 255.000000 112.000000 51.000000 255.000000 255.000000 255.000000 255.000000 255.000000 255.000000 255.000000 255.000000 255.000000 255.000000 255.000000 255.000000 255.000000 255.000000]
 [255.000000 255.000000 255.000000 255.000000 255.000000 255.000000 255.000000 255.000000 255.000000 255.000000 255.000000 255.000000 216.000000 250.000000 255.000000 255.000000 255.000000 255.000000 255.000000 255.000000 255.000000 255.000000 255.000000 255.000000 255.000000 255.000000 36.000000 154.000000 255.000000 255.000000 255.000000 255.000000 255.000000 255.000000 255.000000 255.000000 255.000000 255.000000 255.000000 255.000000 255.000000 255.000000 255.000000 255.000000 255.000000 255.000000 255.000000 255.000000 116.000000 55.000000 255.000000 255.000000 255.000000 255.000000 255.000000 255.000000 255.000000 255.000000 255.000000 255.000000 255.000000 255.000000 255.000000 255.000000]
 [255.000000 255.000000 255.000000 255.000000 255.000000 255.000000 255.000000 255.000000 255.000000 255.000000 255.000000 255.000000 137.000000 170.000000 255.000000 255.000000 208.000000 134.000000 106.000000 189.000000 255.000000 255.000000 255.000000 255.000000 250.000000 137.000000 8.000000 73.000000 148.000000 235.000000 197.000000 135.000000 255.000000 255.000000 255.000000 60.000000 87.000000 255.000000 255.000000 134.000000 241.000000 178.000000 110.000000 150.000000 255.000000 255.000000 255.000000 255.000000 119.000000 58.000000 255.000000 255.000000 255.000000 255.000000 255.000000 255.000000 255.000000 255.000000 255.000000 255.000000 255.000000 255.000000 255.000000 255.000000]
 [255.000000 255.000000 255.000000 255.000000 255.000000 255.000000 255.000000 255.000000 255.000000 255.000000 255.000000 255.000000 29.000000 114.000000 255.000000 184.000000 0.000000 133.000000 137.000000 3.000000 255.000000 255.000000 255.000000 255.000000 234.000000 83.000000 0.000000 33.000000 77.000000 223.000000 149.000000 34.000000 255.000000 255.000000 255.000000 99.000000 86.000000 255.000000 255.000000 8.000000 71.000000 41.000000 113.000000 0.000000 83.000000 255.000000 255.000000 255.000000 123.000000 62.000000 255.000000 255.000000 255.000000 255.000000 255.000000 255.000000 255.000000 255.000000 255.000000 255.000000 255.000000 255.000000 255.000000 255.000000]
 [255.000000 255.000000 255.000000 255.000000 255.000000 255.000000 255.000000 255.000000 255.000000 255.000000 255.000000 255.000000 29.000000 114.000000 255.000000 133.000000 23.000000 255.000000 255.000000 255.000000 255.000000 255.000000 255.000000 255.000000 255.000000 255.000000 0.000000 144.000000 255.000000 255.000000 149.000000 34.000000 255.000000 255.000000 255.000000 99.000000 86.000000 255.000000 255.000000 8.000000 82.000000 255.000000 255.000000 147.000000 0.000000 248.000000 255.000000 255.000000 125.000000 66.000000 255.000000 255.000000 255.000000 255.000000 255.000000 255.000000 255.000000 255.000000 255.000000 255.000000 255.000000 255.000000 255.000000 255.000000]
 [255.000000 255.000000 255.000000 255.000000 255.000000 255.000000 255.000000 255.000000 255.000000 255.000000 255.000000 255.000000 29.000000 114.000000 255.000000 181.000000 0.000000 113.000000 208.000000 255.000000 255.000000 255.000000 255.000000 255.000000 255.000000 255.000000 5.000000 150.000000 255.000000 255.000000 149.000000 34.000000 255.000000 255.000000 255.000000 97.000000 86.000000 255.000000 255.000000 8.000000 173.000000 255.000000 255.000000 205.000000 0.000000 227.000000 255.000000 255.000000 128.000000 69.000000 255.000000 255.000000 255.000000 255.000000 255.000000 255.000000 255.000000 255.000000 255.000000 255.000000 255.000000 255.000000 255.000000 255.000000]
 [255.000000 255.000000 255.000000 255.000000 255.000000 255.000000 255.000000 255.000000 255.000000 255.000000 255.000000 255.000000 29.000000 114.000000 255.000000 255.000000 191.000000 78.000000 0.000000 115.000000 255.000000 255.000000 255.000000 255.000000 255.000000 255.000000 11.000000 154.000000 255.000000 255.000000 149.000000 34.000000 255.000000 255.000000 255.000000 95.000000 86.000000 255.000000 255.000000 8.000000 175.000000 255.000000 255.000000 212.000000 0.000000 226.000000 255.000000 255.000000 130.000000 73.000000 255.000000 255.000000 255.000000 255.000000 255.000000 255.000000 255.000000 255.000000 255.000000 255.000000 255.000000 255.000000 255.000000 255.000000]
 [255.000000 255.000000 255.000000 255.000000 255.000000 255.000000 255.000000 255.000000 255.000000 255.000000 255.000000 255.000000 29.000000 114.000000 255.000000 255.000000 255.000000 255.000000 186.000000 0.000000 197.000000 255.000000 255.000000 255.000000 255.000000 255.000000 16.000000 154.000000 255.000000 255.000000 160.000000 17.000000 255.000000 255.000000 255.000000 93.000000 86.000000 255.000000 255.000000 8.000000 175.000000 255.000000 255.000000 212.000000 0.000000 226.000000 255.000000 255.000000 205.000000 168.000000 255.000000 255.000000 255.000000 255.000000 255.000000 255.000000 255.000000 255.000000 255.000000 255.000000 255.000000 255.000000 255.000000 255.000000]
 [255.000000 255.000000 255.000000 255.000000 255.000000 255.000000 255.000000 255.000000 255.000000 255.000000 255.000000 255.000000 29.000000 114.000000 255.000000 49.000000 233.000000 255.000000 205.000000 0.000000 208.000000 255.000000 255.000000 255.000000 255.000000 255.000000 22.000000 154.000000 255.000000 255.000000 193.000000 0.000000 164.000000 246.000000 131.000000 0.000000 86.000000 255.000000 255.000000 8.000000 175.000000 255.000000 255.000000 212.000000 0.000000 226.000000 255.000000 255.000000 123.000000 84.000000 255.000000 255.000000 255.000000 255.000000 255.000000 255.000000 255.000000 255.000000 255.000000 255.000000 255.000000 255.000000 255.000000 255.000000]
 [255.000000 255.000000 255.000000 255.000000 255.000000 255.000000 255.000000 255.000000 255.000000 255.000000 255.000000 255.000000 29.000000 114.000000 255.000000 113.000000 5.000000 34.000000 0.000000 122.000000 255.000000 255.000000 255.000000 255.000000 255.000000 255.000000 0.000000 154.000000 255.000000 255.000000 255.000000 111.000000 0.000000 0.000000 82.000000 110.000000 86.000000 255.000000 255.000000 0.000000 175.000000 255.000000 255.000000 212.000000 0.000000 226.000000 255.000000 255.000000 78.000000 19.000000 255.000000 255.000000 255.000000 255.000000 255.000000 255.000000 255.000000 255.000000 255.000000 255.000000 255.000000 255.000000 255.000000 255.000000]
 [255.000000 255.000000 255.000000 255.000000 255.000000 255.000000 255.000000 255.000000 255.000000 255.000000 255.000000 255.000000 254.000000 255.000000 255.000000 255.000000 247.000000 229.000000 253.000000 255.000000 255.000000 255.000000 255.000000 255.000000 255.000000 255.000000 242.000000 255.000000 255.000000 255.000000 255.000000 255.000000 254.000000 243.000000 255.000000 255.000000 255.000000 255.000000 255.000000 255.000000 255.000000 255.000000 255.000000 255.000000 255.000000 255.000000 255.000000 255.000000 255.000000 245.000000 255.000000 255.000000 255.000000 255.000000 255.000000 255.000000 255.000000 255.000000 255.000000 255.000000 255.000000 255.000000 255.000000 255.000000]
 [255.000000 255.000000 255.000000 255.000000 255.000000 255.000000 255.000000 255.000000 255.000000 255.000000 255.000000 255.000000 255.000000 255.000000 255.000000 255.000000 255.000000 255.000000 255.000000 255.000000 255.000000 255.000000 255.000000 255.000000 255.000000 255.000000 255.000000 255.000000 255.000000 255.000000 255.000000 255.000000 255.000000 255.000000 255.000000 255.000000 255.000000 255.000000 255.000000 255.000000 255.000000 255.000000 255.000000 255.000000 255.000000 255.000000 255.000000 255.000000 255.000000 255.000000 255.000000 255.000000 255.000000 255.000000 255.000000 255.000000 255.000000 255.000000 255.000000 255.000000 255.000000 255.000000 255.000000 255.000000]
 [255.000000 255.000000 255.000000 255.000000 255.000000 255.000000 255.000000 255.000000 255.000000 255.000000 255.000000 255.000000 255.000000 255.000000 255.000000 255.000000 255.000000 255.000000 255.000000 255.000000 255.000000 255.000000 255.000000 255.000000 255.000000 255.000000 255.000000 255.000000 255.000000 255.000000 255.000000 255.000000 255.000000 255.000000 255.000000 255.000000 255.000000 255.000000 255.000000 255.000000 255.000000 255.000000 255.000000 255.000000 255.000000 255.000000 255.000000 255.000000 255.000000 255.000000 255.000000 255.000000 255.000000 255.000000 255.000000 255.000000 255.000000 255.000000 255.000000 255.000000 255.000000 255.000000 255.000000 255.000000]
 [255.000000 255.000000 255.000000 255.000000 255.000000 255.000000 255.000000 255.000000 255.000000 255.000000 255.000000 255.000000 255.000000 255.000000 255.000000 255.000000 255.000000 255.000000 255.000000 255.000000 255.000000 255.000000 255.000000 255.000000 255.000000 255.000000 255.000000 255.000000 255.000000 255.000000 255.000000 255.000000 255.000000 255.000000 255.000000 255.000000 255.000000 255.000000 255.000000 255.000000 255.000000 255.000000 255.000000 255.000000 255.000000 255.000000 255.000000 255.000000 255.000000 255.000000 255.000000 255.000000 255.000000 255.000000 255.000000 255.000000 255.000000 255.000000 255.000000 255.000000 255.000000 255.000000 255.000000 255.000000]
 [255.000000 255.000000 255.000000 255.000000 255.000000 255.000000 255.000000 255.000000 255.000000 255.000000 255.000000 255.000000 255.000000 255.000000 255.000000 255.000000 255.000000 255.000000 255.000000 255.000000 255.000000 255.000000 255.000000 255.000000 255.000000 255.000000 255.000000 255.000000 255.000000 255.000000 255.000000 255.000000 255.000000 255.000000 255.000000 255.000000 255.000000 255.000000 255.000000 255.000000 255.000000 255.000000 255.000000 255.000000 255.000000 255.000000 255.000000 255.000000 255.000000 255.000000 255.000000 255.000000 255.000000 255.000000 255.000000 255.000000 255.000000 255.000000 255.000000 255.000000 255.000000 255.000000 255.000000 255.000000]
 [255.000000 255.000000 255.000000 255.000000 255.000000 255.000000 255.000000 255.000000 255.000000 255.000000 255.000000 255.000000 255.000000 255.000000 255.000000 255.000000 255.000000 255.000000 255.000000 255.000000 255.000000 255.000000 255.000000 255.000000 255.000000 255.000000 255.000000 255.000000 255.000000 255.000000 255.000000 255.000000 255.000000 255.000000 255.000000 255.000000 255.000000 255.000000 255.000000 255.000000 255.000000 255.000000 255.000000 255.000000 255.000000 255.000000 255.000000 255.000000 255.000000 255.000000 255.000000 255.000000 255.000000 255.000000 255.000000 255.000000 255.000000 255.000000 255.000000 255.000000 255.000000 255.000000 255.000000 255.000000]
 [255.000000 255.000000 255.000000 255.000000 255.000000 255.000000 255.000000 255.000000 255.000000 255.000000 255.000000 255.000000 255.000000 255.000000 255.000000 255.000000 255.000000 255.000000 255.000000 255.000000 255.000000 255.000000 255.000000 255.000000 255.000000 255.000000 255.000000 255.000000 255.000000 255.000000 255.000000 255.000000 255.000000 255.000000 255.000000 255.000000 255.000000 255.000000 255.000000 255.000000 255.000000 255.000000 255.000000 255.000000 255.000000 255.000000 255.000000 255.000000 255.000000 255.000000 255.000000 255.000000 255.000000 255.000000 255.000000 255.000000 255.000000 255.000000 255.000000 255.000000 255.000000 255.000000 255.000000 255.000000]
 [255.000000 255.000000 255.000000 255.000000 255.000000 255.000000 255.000000 255.000000 255.000000 255.000000 255.000000 255.000000 255.000000 255.000000 255.000000 255.000000 255.000000 255.000000 255.000000 255.000000 255.000000 255.000000 255.000000 255.000000 255.000000 255.000000 255.000000 255.000000 255.000000 255.000000 255.000000 255.000000 255.000000 255.000000 255.000000 255.000000 255.000000 255.000000 255.000000 255.000000 255.000000 255.000000 255.000000 255.000000 255.000000 255.000000 255.000000 255.000000 255.000000 255.000000 255.000000 255.000000 255.000000 255.000000 255.000000 255.000000 255.000000 255.000000 255.000000 255.000000 255.000000 255.000000 255.000000 255.000000]]
Do you want to view the 2D arrays as ASCII arts? (n: no/y: 0-1/z: 0-255): Left 2D array:
@@@@@@@@@@@@@@@@@@@@@@@@@@@@@@@@@@@@@@@@@@@@@@@@@@@@@@@@@@@@@@@@@@@@@@@@@@@@@@@@@@@@@@@@@@@@@@@@@@@@@@@@@@@@@@@@@@@@@@@@@@@@@@@@
@@@@@@@@@@@@@@@@@@@@@@@@@@@@@@@@@@@@@@@@@@@@@@@@@@@@@@@@@@@@@@@@@@@@@@@@@@@@@@@@@@@@@@@@@@@@@@@@@@@@@@@@@@@@@@@@@@@@@@@@@@@@@@@@
@@@@@@@@@@@@@@@@@@@@@@@@@@@@@@@@@@@@@@@@@@@@@@@@@@@@@@@@@@@@@@@@@@@@@@@@@@@@@@@@@@@@@@@@@@@@@@@@@@@@@@@@@@@@@@@@@@@@@@@@@@@@@@@@
@@@@@@@@@@@@@@@@@@@@@@@@@@@@@@@@@@@@@@@@@@@@@@@@@@@@@@@@@@@@@@@@@@@@@@@@@@@@@@@@@@@@@@@@@@@@@@@@@@@@@@@@@@@@@@@@@@@@@@@@@@@@@@@@
@@@@@@@@@@@@@@@@@@@@@@@@@@@@@@@@@@@@@@@@@@@@@@@@@@@@@@@@@@@@@@@@@@@@@@@@@@@@@@@@@@@@@@@@@@@@@@@@@@@@@@@@@@@@@@@@@@@@@@@@@@@@@@@@
@@@@@@@@@@@@@@@@@@@@@@@@@@@@@@@@@@@@@@@@@@@@@@@@@@@@@@@@@@@@@@@@@@@@@@@@@@@@@@@@@@@@@@@@@@@@@@@@@@@@@@@@@@@@@@@@@@@@@@@@@@@@@@@@
@@@@@@@@@@@@@@@@@@@@@@@@@@@@@@&&%%&&@@@@@@@@@@&&QQ&&@@@@@@@@@@&&&&@@@@@@@@@@@@@@&&&&@@@@@@&&&&&&&&@@@@@@@@@@@@@@@@@@@@@@@@@@@@@@
@@@@@@@@@@@@@@@@@@@@@@@@@@WW--      ??@@@@&&;;        SS@@@@@@//  __@@@@@@@@@@&&    $$@@@@        ==&&@@@@@@@@@@@@@@@@@@@@@@@@@@
@@@@@@@@@@@@@@@@@@@@@@@@%%  ((&&@@QQ  &&@@____$$@@&&ll  GG@@@@rr    QQ@@@@@@@@SS    $$@@@@  SS@@&&;;__@@@@@@@@@@@@@@@@@@@@@@@@@@
@@@@@@@@@@@@@@@@@@@@@@@@++;;@@@@@@@@@@@@KK  &&@@@@@@@@;;__@@@@rr    ((@@@@@@@@__SS  $$@@@@  SS@@@@BB  &&@@@@@@@@@@@@@@@@@@@@@@@@
@@@@@@@@@@@@@@@@@@@@@@&&  88@@@@@@@@@@@@TT==@@@@@@@@@@KK  &&@@rr  ZZ  &&@@@@00  &&  $$@@@@  SS@@@@WW  &&@@@@@@@@@@@@@@@@@@@@@@@@
@@@@@@@@@@@@@@@@@@@@@@&&  %%@@@@@@@@@@@@^^JJ@@@@@@@@@@BB  &&@@cc  @@  99@@@@!!((&&  $$@@@@  SS@@&&>>==@@@@@@@@@@@@@@@@@@@@@@@@@@
@@@@@@@@@@@@@@@@@@@@@@&&  %%@@@@@@@@@@@@,,ss@@@@@@@@@@BB  &&@@cc''@@;;,,@@&&  &&&&  $$@@@@        **&&@@@@@@@@@@@@@@@@@@@@@@@@@@
@@@@@@@@@@@@@@@@@@@@@@&&  mm@@@@@@@@@@@@++==@@@@@@@@@@GG  @@@@cc,,@@00  %%55^^@@&&  $$@@@@  33&&&&@@@@@@@@@@@@@@@@@@@@@@@@@@@@@@
@@@@@@@@@@@@@@@@@@@@@@@@==;;@@@@@@@@@@@@SS  &&@@@@@@@@,,//@@@@cc==@@@@::TT  HH@@&&  $$@@@@  pp@@@@@@@@@@@@@@@@@@@@@@@@@@@@@@@@@@
@@@@@@@@@@@@@@@@@@@@@@@@00  vv&&&&$$__&&@@--,,QQ&&&&TT  &&@@@@cc==@@@@ww    @@@@&&  $$@@@@  pp@@@@@@@@@@@@@@@@@@@@@@@@@@@@@@@@@@
@@@@@@@@@@@@@@@@@@@@@@@@@@00__    --aa@@@@&&**      ^^&&@@@@@@**==@@@@&&  55@@@@&&  $$@@@@  pp@@@@@@@@@@@@@@@@@@@@@@@@@@@@@@@@@@
@@@@@@@@@@@@@@@@@@@@@@@@@@@@@@&&&&@@@@@@@@@@@@@@&&&&@@@@@@@@@@&&&&@@@@@@&&@@@@@@@@&&@@@@@@&&@@@@@@@@@@@@@@@@@@@@@@@@@@@@@@@@@@@@
@@@@@@@@@@@@@@@@@@@@@@@@@@@@@@@@@@@@@@@@@@@@@@@@@@@@@@@@@@@@@@@@@@@@@@@@@@@@@@@@@@@@@@@@@@@@@@@@@@@@@@@@@@@@@@@@@@@@@@@@@@@@@@@@
@@@@@@@@@@@@@@@@@@@@@@@@@@@@@@@@@@@@@@@@@@@@@@@@@@@@@@@@@@@@@@@@@@@@@@@@@@@@@@@@@@@@@@@@@@@@@@@@@@@@@@@@@@@@@@@@@@@@@@@@@@@@@@@@
@@@@@@@@@@@@@@@@@@@@@@@@@@@@@@@@@@@@@@@@@@@@@@@@@@@@@@@@@@@@@@@@@@@@@@@@@@@@@@@@@@@@@@@@@@@@@@@@@@@@@@@@@@@@@@@@@@@@@@@@@@@@@@@@
@@@@@@@@@@@@@@@@@@@@@@@@@@@@@@@@@@@@@@@@@@@@@@@@@@@@@@@@@@@@@@@@@@@@@@@@@@@@@@@@@@@@@@@@@@@@@@@@@@@@@@@@@@@@@@@@@@@@@@@@@@@@@@@@
@@@@@@@@@@@@@@@@@@@@@@@@@@@@@@@@@@@@@@@@@@@@@@@@@@@@@@@@@@@@@@@@@@@@@@@@@@@@@@@@@@@@@@@@@@@@@@@@@@@@@@@@@@@@@@@@@@@@@@@@@@@@@@@@
@@@@@@@@@@@@@@@@@@@@@@@@@@@@@@@@@@@@@@@@@@@@@@@@@@@@@@@@@@@@@@@@@@@@@@@@@@@@@@@@@@@@@@@@@@@@@@@@@@@@@@@@@@@@@@@@@@@@@@@@@@@@@@@@
@@@@@@@@@@@@@@@@@@@@@@@@@@@@@@@@@@@@@@@@@@@@@@@@@@@@@@@@@@@@@@@@@@@@@@@@@@@@@@@@@@@@@@@@@@@@@@@@@@@@@@@@@@@@@@@@@@@@@@@@@@@@@@@@
@@@@@@@@@@@@@@@@@@@@@@@@@@@@@@@@@@@@@@@@@@@@@@@@@@@@@@@@@@@@@@@@@@@@@@@@@@@@@@@@@@@@@@@@@@@@@@@@@@@@@@@@@@@@@@@@@@@@@@@@@@@@@@@@
@@@@@@@@@@@@@@@@@@@@@@@@@@@@@@@@@@&&QQ&&@@@@@@@@@@@@&&QQ&&@@@@@@@@@@@@&&@@@@@@@@@@@@@@&&&&@@@@@@@@@@@@@@@@@@@@@@@@@@@@@@@@@@@@@@
@@@@@@@@@@@@@@@@@@@@@@@@@@@@@@@@yy      ,,&&@@@@&&++  ''  UU@@@@@@&&//  DD@@@@@@@@&&||  99@@@@@@@@@@@@@@@@@@@@@@@@@@@@@@@@@@@@@@
@@@@@@@@@@@@@@@@@@@@@@@@@@@@@@@@  &&@@&&  ii@@@@cc,,&&@@qq  &&@@XX  ii  mm@@@@@@WW--//  qq@@@@@@@@@@@@@@@@@@@@@@@@@@@@@@@@@@@@@@
@@@@@@@@@@@@@@@@@@@@@@@@@@@@@@@@@@@@@@@@//==@@&&  KK@@@@@@--99@@tt&&@@  XX@@@@@@QQ%%@@  SS@@@@@@@@@@@@@@@@@@@@@@@@@@@@@@@@@@@@@@
@@@@@@@@@@@@@@@@@@@@@@@@@@@@@@@@@@@@@@@@,,JJ@@&&  &&@@@@@@,,ff@@@@@@@@  KK@@@@@@@@@@@@  SS@@@@@@@@@@@@@@@@@@@@@@@@@@@@@@@@@@@@@@
@@@@@@@@@@@@@@@@@@@@@@@@@@@@@@@@@@@@@@MM  WW@@00  &&@@@@@@>>**@@@@@@@@  KK@@@@@@@@@@@@  SS@@@@@@@@@@@@@@@@@@@@@@@@@@@@@@@@@@@@@@
@@@@@@@@@@@@@@@@@@@@@@@@@@@@@@@@@@@@&&::oo@@@@00  &&@@@@@@;;//@@@@@@@@  KK@@@@@@@@@@@@  SS@@@@@@@@@@@@@@@@@@@@@@@@@@@@@@@@@@@@@@
@@@@@@@@@@@@@@@@@@@@@@@@@@@@@@@@@@@@;;//@@@@@@&&  &&@@@@@@__ll@@@@@@@@  KK@@@@@@@@@@@@  SS@@@@@@@@@@@@@@@@@@@@@@@@@@@@@@@@@@@@@@
@@@@@@@@@@@@@@@@@@@@@@@@@@@@@@@@@@!!^^@@@@@@@@&&  KK@@@@&&  DD@@@@@@@@  KK@@@@@@@@@@@@  SS@@@@@@@@@@@@@@@@@@@@@@@@@@@@@@@@@@@@@@
@@@@@@@@@@@@@@@@@@@@@@@@@@@@@@@@//  %%&&&&&&@@@@!!__QQ&&^^--@@@@@@&&&&  hh&&@@@@@@&&&&  ll&&&&@@@@@@@@@@@@@@@@@@@@@@@@@@@@@@@@@@
@@@@@@@@@@@@@@@@@@@@@@@@@@@@@@&&            &&@@&&;;    ::&&@@@@pp          SS@@00          CC@@@@@@@@@@@@@@@@@@@@@@@@@@@@@@@@@@
@@@@@@@@@@@@@@@@@@@@@@@@@@@@@@@@@@@@@@@@@@@@@@@@@@@@&&&&@@@@@@@@@@@@@@@@@@@@@@@@@@@@@@@@@@@@@@@@@@@@@@@@@@@@@@@@@@@@@@@@@@@@@@@@
@@@@@@@@@@@@@@@@@@@@@@@@@@@@@@@@@@@@@@@@@@@@@@@@@@@@@@@@@@@@@@@@@@@@@@@@@@@@@@@@@@@@@@@@@@@@@@@@@@@@@@@@@@@@@@@@@@@@@@@@@@@@@@@@
@@@@@@@@@@@@@@@@@@@@@@@@@@@@@@@@@@@@@@@@@@@@@@@@@@@@@@@@@@@@@@@@@@@@@@@@@@@@@@@@@@@@@@@@@@@@@@@@@@@@@@@@@@@@@@@@@@@@@@@@@@@@@@@@
@@@@@@@@@@@@@@@@@@@@@@@@@@@@@@@@@@@@@@@@@@@@@@@@@@@@@@@@@@@@@@@@@@@@@@@@@@@@@@@@@@@@@@@@@@@@@@@@@@@@@@@@@@@@@@@@@@@@@@@@@@@@@@@@
@@@@@@@@@@@@@@@@@@@@@@@@@@@@@@@@@@@@@@@@@@@@@@@@@@@@@@@@@@@@@@@@@@@@@@@@@@@@@@@@@@@@@@@@@@@@@@@@@@@@@@@@@@@@@@@@@@@@@@@@@@@@@@@@
@@@@@@@@@@@@@@@@@@@@@@@@@@@@@@@@@@@@@@@@@@@@@@@@@@@@@@@@@@@@@@@@@@@@@@@@@@@@@@@@@@@@@@@@@@@@@@@@@@@@@@@@@@@@@@@@@@@@@@@@@@@@@@@@
@@@@@@@@@@@@@@@@@@@@@@@@@@@@@@@@@@@@@@@@@@@@@@@@@@@@@@@@@@@@@@@@@@@@@@@@@@@@@@@@@@@@@@@@@@@@@@@@@@@@@@@@@@@@@@@@@@@@@@@@@@@@@@@@
@@@@@@@@@@@@@@@@@@@@@@@@@@@@@@@@@@@@@@@@@@@@@@@@@@@@@@@@@@@@@@@@@@@@@@@@@@@@@@@@@@@@@@@@@@@@@@@@@@@@@@@@@@@@@@@@@@@@@@@@@@@@@@@@
@@@@@@@@@@@@@@@@@@@@@@@@WW&&@@@@@@@@@@@@@@@@@@@@@@@@WW^^  yy@@@@@@@@@@@@@@@@@@@@@@@@@@@@@@@@@@@@ll>>@@@@@@@@@@@@@@@@@@@@@@@@@@@@
@@@@@@@@@@@@@@@@@@@@@@@@  vv@@@@@@@@@@@@@@@@@@@@@@@@;;::WWBB@@@@@@@@@@@@@@@@@@@@@@@@@@@@@@@@@@@@tt,,@@@@@@@@@@@@@@@@@@@@@@@@@@@@
@@@@@@@@@@@@@@@@@@@@@@@@&&&&@@@@@@@@@@@@@@@@@@@@@@@@::GG@@@@@@@@@@@@@@@@@@@@@@@@@@@@@@@@@@@@@@@@nn,,@@@@@@@@@@@@@@@@@@@@@@@@@@@@
@@@@@@@@@@@@@@@@@@@@@@@@SS88@@@@&&SSiiWW@@@@@@@@&&SS  >>44&&QQSS@@@@@@^^//@@@@SS&&BBIIpp@@@@@@@@55^^@@@@@@@@@@@@@@@@@@@@@@@@@@@@
@@@@@@@@@@@@@@@@@@@@@@@@--ll@@00  SSSS  @@@@@@@@&&cc  ''++&&VV''@@@@@@vv**@@@@  ;;__ll  cc@@@@@@yy==@@@@@@@@@@@@@@@@@@@@@@@@@@@@
@@@@@@@@@@@@@@@@@@@@@@@@--ll@@SS--@@@@@@@@@@@@@@@@@@  hh@@@@VV''@@@@@@vv**@@@@  rr@@@@99  &&@@@@]];;@@@@@@@@@@@@@@@@@@@@@@@@@@@@
@@@@@@@@@@@@@@@@@@@@@@@@--ll@@00  ll&&@@@@@@@@@@@@@@  pp@@@@VV''@@@@@@TT**@@@@  DD@@@@&&  &&@@@@SS;;@@@@@@@@@@@@@@@@@@@@@@@@@@@@
@@@@@@@@@@@@@@@@@@@@@@@@--ll@@@@WW++  nn@@@@@@@@@@@@  GG@@@@VV''@@@@@@ss**@@@@  $$@@@@&&  &&@@@@SS>>@@@@@@@@@@@@@@@@@@@@@@@@@@@@
@@@@@@@@@@@@@@@@@@@@@@@@--ll@@@@@@@@MM  QQ@@@@@@@@@@  GG@@@@KK  @@@@@@??**@@@@  $$@@@@&&  &&@@@@&&HH@@@@@@@@@@@@@@@@@@@@@@@@@@@@
@@@@@@@@@@@@@@@@@@@@@@@@--ll@@,,&&@@&&  &&@@@@@@@@@@--GG@@@@WW  KK&&SS  **@@@@  $$@@@@&&  &&@@@@yy**@@@@@@@@@@@@@@@@@@@@@@@@@@@@
@@@@@@@@@@@@@@@@@@@@@@@@--ll@@ll  ''  yy@@@@@@@@@@@@  GG@@@@@@33    rrII**@@@@  $$@@@@&&  &&@@@@++  @@@@@@@@@@@@@@@@@@@@@@@@@@@@
@@@@@@@@@@@@@@@@@@@@@@@@&&@@@@@@&&&&&&@@@@@@@@@@@@@@&&@@@@@@@@@@&&&&@@@@@@@@@@@@@@@@@@@@@@@@@@@@@@&&@@@@@@@@@@@@@@@@@@@@@@@@@@@@
@@@@@@@@@@@@@@@@@@@@@@@@@@@@@@@@@@@@@@@@@@@@@@@@@@@@@@@@@@@@@@@@@@@@@@@@@@@@@@@@@@@@@@@@@@@@@@@@@@@@@@@@@@@@@@@@@@@@@@@@@@@@@@@@
@@@@@@@@@@@@@@@@@@@@@@@@@@@@@@@@@@@@@@@@@@@@@@@@@@@@@@@@@@@@@@@@@@@@@@@@@@@@@@@@@@@@@@@@@@@@@@@@@@@@@@@@@@@@@@@@@@@@@@@@@@@@@@@@
@@@@@@@@@@@@@@@@@@@@@@@@@@@@@@@@@@@@@@@@@@@@@@@@@@@@@@@@@@@@@@@@@@@@@@@@@@@@@@@@@@@@@@@@@@@@@@@@@@@@@@@@@@@@@@@@@@@@@@@@@@@@@@@@
@@@@@@@@@@@@@@@@@@@@@@@@@@@@@@@@@@@@@@@@@@@@@@@@@@@@@@@@@@@@@@@@@@@@@@@@@@@@@@@@@@@@@@@@@@@@@@@@@@@@@@@@@@@@@@@@@@@@@@@@@@@@@@@@
@@@@@@@@@@@@@@@@@@@@@@@@@@@@@@@@@@@@@@@@@@@@@@@@@@@@@@@@@@@@@@@@@@@@@@@@@@@@@@@@@@@@@@@@@@@@@@@@@@@@@@@@@@@@@@@@@@@@@@@@@@@@@@@@
@@@@@@@@@@@@@@@@@@@@@@@@@@@@@@@@@@@@@@@@@@@@@@@@@@@@@@@@@@@@@@@@@@@@@@@@@@@@@@@@@@@@@@@@@@@@@@@@@@@@@@@@@@@@@@@@@@@@@@@@@@@@@@@@
@@@@@@@@@@@@@@@@@@@@@@@@@@@@@@@@@@@@@@@@@@@@@@@@@@@@@@@@@@@@@@@@@@@@@@@@@@@@@@@@@@@@@@@@@@@@@@@@@@@@@@@@@@@@@@@@@@@@@@@@@@@@@@@@
Right 2D array:
                                                                                                                                
                                                                                                                                
                                                                                                                                
                                                                                                                                
                                                                                                                                
                                                                                                                                
                              --,,              ^^::            --                ``      --------                              
                              __@@&&KK          88@@&&nn      !!@@BB              XX::    &&@@@@%%  --                          
                        ,,**      ^^@@    vv      --ww@@rr      @@@@^^        nn@@@@::    @@ZZ      WW                          
                        BB              ss__          00ii      &&&&GG        &&EE@@::    @@ZZ      &&__                        
                        @@              //            ??^^      hhSS&&        @@--@@::    @@ZZ      &&--                        
                      __@@              --            __      ``''  @@CC    33pp--@@::              mm                          
                      ,,@@                55            ^^::  tt    00&&    WW::--@@::    mm88mmSS                              
                        @@                WW            --          >>@@--  SS  --@@::    &&hh__                                
                        WW``            --@@            ^^    ++      &&]]  --  --@@::    &&ii                                  
                        ;;//  ,,--        &&gg    __  ,,,,    RRSS    ll&&      --@@::    &&ii                                  
                              @@@@&&      --pp  88&&          88WW      &&      --@@::    &&ii                                  
                                                __                                                                              
                                                                                                                                
                                                                                                                                
                                                                                                                                
                                                                                                                                
                                                                                                                                
                                                                                                                                
                                                                                                                                
                                                                                                                                
                                                                                                                                
                                                                                                                                
                                                                                                                                
                                                                                                                                
                                                                                                                                
                                                                                                                                
                                                                                                                                
                                                                                                                                
                                                                                                                                
                                                                                                                                
                                                                                                                                
                                                                                                                                
                                                                                                                                
                                                                                                                                
                                                                                                                                
                                                                                                                                
                                                                                                                                
                                                                                                                                
                                                                                                                                
                                                                                                                                
                                                                                                                                
                                                                                                                                
                                                                                                                                
                                                                                                                                
                                                                                                                                
                                                                                                                                
                                                                                                                                
                                                                                                                                
                                                                                                                                
                                                                                                                                
                                                                                                                                
                                                                                                                                
                                                                                                                                
                                                                                                                                
                                                                                                                                
                                                                                                                                
                                                                                                                                
                                                                                                                                
Resulting 2D array:
@@@@@@@@@@@@@@@@@@@@@@@@@@@@@@@@@@@@@@@@@@@@@@@@@@@@@@@@@@@@@@@@@@@@@@@@@@@@@@@@@@@@@@@@@@@@@@@@@@@@@@@@@@@@@@@@@@@@@@@@@@@@@@@@
@@@@@@@@@@@@@@@@@@@@@@@@@@@@@@@@@@@@@@@@@@@@@@@@@@@@@@@@@@@@@@@@@@@@@@@@@@@@@@@@@@@@@@@@@@@@@@@@@@@@@@@@@@@@@@@@@@@@@@@@@@@@@@@@
@@@@@@@@@@@@@@@@@@@@@@@@@@@@@@@@@@@@@@@@@@@@@@@@@@@@@@@@@@@@@@@@@@@@@@@@@@@@@@@@@@@@@@@@@@@@@@@@@@@@@@@@@@@@@@@@@@@@@@@@@@@@@@@@
@@@@@@@@@@@@@@@@@@@@@@@@@@@@@@@@@@@@@@@@@@@@@@@@@@@@@@@@@@@@@@@@@@@@@@@@@@@@@@@@@@@@@@@@@@@@@@@@@@@@@@@@@@@@@@@@@@@@@@@@@@@@@@@@
@@@@@@@@@@@@@@@@@@@@@@@@@@@@@@@@@@@@@@@@@@@@@@@@@@@@@@@@@@@@@@@@@@@@@@@@@@@@@@@@@@@@@@@@@@@@@@@@@@@@@@@@@@@@@@@@@@@@@@@@@@@@@@@@
@@@@@@@@@@@@@@@@@@@@@@@@@@@@@@@@@@@@@@@@@@@@@@@@@@@@@@@@@@@@@@@@@@@@@@@@@@@@@@@@@@@@@@@@@@@@@@@@@@@@@@@@@@@@@@@@@@@@@@@@@@@@@@@@
@@@@@@@@@@@@@@@@@@@@@@@@@@&&&&@@@@@@@@@@@@@@&&&&@@@@@@@@@@&&&&@@@@@@&&&&&&&&&&&&&&&&@@&&@@@@@@@@@@&&@@@@@@@@@@@@@@@@@@@@@@@@@@@@
@@@@@@@@@@@@@@@@@@@@@@@@@@//  __@@@@@@@@@@&&``  88@@@@@@@@!!  XX@@&&              XX&&  QQ@@@@@@%%  &&@@@@@@@@@@@@@@@@@@@@@@@@@@
@@@@@@@@@@@@@@@@@@@@@@@@@@**    QQ@@@@@@@@hh    88@@@@@@&&  ^^;;@@@@@@@@&&  WW@@@@@@&&  WW@@@@@@%%  &&@@@@@@@@@@@@@@@@@@@@@@@@@@
@@@@@@@@@@@@@@@@@@@@@@@@@@**    vv@@@@@@@@__]]  88@@@@@@pp,,$$  &&@@@@@@&&  WW@@@@@@&&  WW@@@@@@%%  &&@@@@@@@@@@@@@@@@@@@@@@@@@@
@@@@@@@@@@@@@@@@@@@@@@@@@@**  ]]  &&@@@@MM  &&  88@@@@@@^^SS&&``hh@@@@@@&&  WW@@@@@@&&  WW@@@@@@%%  &&@@@@@@@@@@@@@@@@@@@@@@@@@@
@@@@@@@@@@@@@@@@@@@@@@@@@@//  @@  hh@@@@**TT&&  88@@@@&&  &&@@||,,@@@@@@&&  WW@@@@@@&&              &&@@@@@@@@@@@@@@@@@@@@@@@@@@
@@@@@@@@@@@@@@@@@@@@@@@@@@//--@@>>__@@&&  &&&&  88@@@@SS^^@@@@QQ  &&@@@@&&  WW@@@@@@&&  SS888888SS  &&@@@@@@@@@@@@@@@@@@@@@@@@@@
@@@@@@@@@@@@@@@@@@@@@@@@@@//__@@WW  QQyy,,@@&&  88@@@@__--======  aa@@@@&&  WW@@@@@@&&  QQ@@@@@@QQ  &&@@@@@@@@@@@@@@@@@@@@@@@@@@
@@@@@@@@@@@@@@@@@@@@@@@@@@//^^@@@@__??  KK@@&&  88@@&&  99KKKKKK!!--@@@@&&  WW@@@@@@&&  QQ@@@@@@QQ  &&@@@@@@@@@@@@@@@@@@@@@@@@@@
@@@@@@@@@@@@@@@@@@@@@@@@@@//^^@@@@hh    @@@@&&  88@@tt,,@@@@@@@@QQ  QQ@@&&  WW@@@@@@&&  QQ@@@@@@QQ  &&@@@@@@@@@@@@@@@@@@@@@@@@@@
@@@@@@@@@@@@@@@@@@@@@@@@@@//^^@@@@&&  nn@@@@&&  88@@--SS@@@@@@@@@@::CC@@&&  WW@@@@@@&&  QQ@@@@@@%%  &&@@@@@@@@@@@@@@@@@@@@@@@@@@
@@@@@@@@@@@@@@@@@@@@@@@@@@&&&&@@@@@@&&@@@@@@@@&&@@@@@@@@@@@@@@@@@@@@@@@@@@@@@@@@@@@@@@&&@@@@@@@@@@&&@@@@@@@@@@@@@@@@@@@@@@@@@@@@
@@@@@@@@@@@@@@@@@@@@@@@@@@@@@@@@@@@@@@@@@@@@@@@@@@@@@@@@@@@@@@@@@@@@@@@@@@@@@@@@@@@@@@@@@@@@@@@@@@@@@@@@@@@@@@@@@@@@@@@@@@@@@@@@
@@@@@@@@@@@@@@@@@@@@@@@@@@@@@@@@@@@@@@@@@@@@@@@@@@@@@@@@@@@@@@@@@@@@@@@@@@@@@@@@@@@@@@@@@@@@@@@@@@@@@@@@@@@@@@@@@@@@@@@@@@@@@@@@
@@@@@@@@@@@@@@@@@@@@@@@@@@@@@@@@@@@@@@@@@@@@@@@@@@@@@@@@@@@@@@@@@@@@@@@@@@@@@@@@@@@@@@@@@@@@@@@@@@@@@@@@@@@@@@@@@@@@@@@@@@@@@@@@
@@@@@@@@@@@@@@@@@@@@@@@@@@@@@@@@@@@@@@@@@@@@@@@@@@@@@@@@@@@@@@@@@@@@@@@@@@@@@@@@@@@@@@@@@@@@@@@@@@@@@@@@@@@@@@@@@@@@@@@@@@@@@@@@
@@@@@@@@@@@@@@@@@@@@@@@@@@@@@@@@@@@@@@@@@@@@@@@@@@@@@@@@@@@@@@@@@@@@@@@@@@@@@@@@@@@@@@@@@@@@@@@@@@@@@@@@@@@@@@@@@@@@@@@@@@@@@@@@
@@@@@@@@@@@@@@@@@@@@@@@@@@@@@@@@@@@@@@@@@@@@@@@@@@@@@@@@@@@@@@@@@@@@@@@@@@@@@@@@@@@@@@@@@@@@@@@@@@@@@@@@@@@@@@@@@@@@@@@@@@@@@@@@
@@@@@@@@@@@@@@@@@@@@@@@@@@@@@@@@@@@@@@@@@@@@@@@@@@@@@@@@@@@@@@@@@@@@@@@@@@@@@@@@@@@@@@@@@@@@@@@@@@@@@@@@@@@@@@@@@@@@@@@@@@@@@@@@
@@@@@@@@@@@@@@@@@@@@@@@@@@@@@@@@@@@@@@@@@@@@@@@@@@@@@@@@@@@@@@@@@@@@@@@@@@@@@@@@@@@@@@@@@@@@@@@@@@@@@@@@@@@@@@@@@@@@@@@@@@@@@@@@
@@@@@@@@@@@@@@@@@@@@@@@@@@@@@@@@@@&&QQ&&@@@@@@@@@@@@&&QQ&&@@@@@@@@@@@@&&@@@@@@@@@@@@@@&&&&@@@@@@@@@@@@@@@@@@@@@@@@@@@@@@@@@@@@@@
@@@@@@@@@@@@@@@@@@@@@@@@@@@@@@@@yy      ,,&&@@@@&&++  ''  UU@@@@@@&&//  DD@@@@@@@@&&||  99@@@@@@@@@@@@@@@@@@@@@@@@@@@@@@@@@@@@@@
@@@@@@@@@@@@@@@@@@@@@@@@@@@@@@@@  &&@@&&  ii@@@@cc,,&&@@qq  &&@@XX  ii  mm@@@@@@WW--//  qq@@@@@@@@@@@@@@@@@@@@@@@@@@@@@@@@@@@@@@
@@@@@@@@@@@@@@@@@@@@@@@@@@@@@@@@@@@@@@@@//==@@&&  KK@@@@@@--99@@tt&&@@  XX@@@@@@QQ%%@@  SS@@@@@@@@@@@@@@@@@@@@@@@@@@@@@@@@@@@@@@
@@@@@@@@@@@@@@@@@@@@@@@@@@@@@@@@@@@@@@@@,,JJ@@&&  &&@@@@@@,,ff@@@@@@@@  KK@@@@@@@@@@@@  SS@@@@@@@@@@@@@@@@@@@@@@@@@@@@@@@@@@@@@@
@@@@@@@@@@@@@@@@@@@@@@@@@@@@@@@@@@@@@@MM  WW@@00  &&@@@@@@>>**@@@@@@@@  KK@@@@@@@@@@@@  SS@@@@@@@@@@@@@@@@@@@@@@@@@@@@@@@@@@@@@@
@@@@@@@@@@@@@@@@@@@@@@@@@@@@@@@@@@@@&&::oo@@@@00  &&@@@@@@;;//@@@@@@@@  KK@@@@@@@@@@@@  SS@@@@@@@@@@@@@@@@@@@@@@@@@@@@@@@@@@@@@@
@@@@@@@@@@@@@@@@@@@@@@@@@@@@@@@@@@@@;;//@@@@@@&&  &&@@@@@@__ll@@@@@@@@  KK@@@@@@@@@@@@  SS@@@@@@@@@@@@@@@@@@@@@@@@@@@@@@@@@@@@@@
@@@@@@@@@@@@@@@@@@@@@@@@@@@@@@@@@@!!^^@@@@@@@@&&  KK@@@@&&  DD@@@@@@@@  KK@@@@@@@@@@@@  SS@@@@@@@@@@@@@@@@@@@@@@@@@@@@@@@@@@@@@@
@@@@@@@@@@@@@@@@@@@@@@@@@@@@@@@@//  %%&&&&&&@@@@!!__QQ&&^^--@@@@@@&&&&  hh&&@@@@@@&&&&  ll&&&&@@@@@@@@@@@@@@@@@@@@@@@@@@@@@@@@@@
@@@@@@@@@@@@@@@@@@@@@@@@@@@@@@&&            &&@@&&;;    ::&&@@@@pp          SS@@00          CC@@@@@@@@@@@@@@@@@@@@@@@@@@@@@@@@@@
@@@@@@@@@@@@@@@@@@@@@@@@@@@@@@@@@@@@@@@@@@@@@@@@@@@@&&&&@@@@@@@@@@@@@@@@@@@@@@@@@@@@@@@@@@@@@@@@@@@@@@@@@@@@@@@@@@@@@@@@@@@@@@@@
@@@@@@@@@@@@@@@@@@@@@@@@@@@@@@@@@@@@@@@@@@@@@@@@@@@@@@@@@@@@@@@@@@@@@@@@@@@@@@@@@@@@@@@@@@@@@@@@@@@@@@@@@@@@@@@@@@@@@@@@@@@@@@@@
@@@@@@@@@@@@@@@@@@@@@@@@@@@@@@@@@@@@@@@@@@@@@@@@@@@@@@@@@@@@@@@@@@@@@@@@@@@@@@@@@@@@@@@@@@@@@@@@@@@@@@@@@@@@@@@@@@@@@@@@@@@@@@@@
@@@@@@@@@@@@@@@@@@@@@@@@@@@@@@@@@@@@@@@@@@@@@@@@@@@@@@@@@@@@@@@@@@@@@@@@@@@@@@@@@@@@@@@@@@@@@@@@@@@@@@@@@@@@@@@@@@@@@@@@@@@@@@@@
@@@@@@@@@@@@@@@@@@@@@@@@@@@@@@@@@@@@@@@@@@@@@@@@@@@@@@@@@@@@@@@@@@@@@@@@@@@@@@@@@@@@@@@@@@@@@@@@@@@@@@@@@@@@@@@@@@@@@@@@@@@@@@@@
@@@@@@@@@@@@@@@@@@@@@@@@@@@@@@@@@@@@@@@@@@@@@@@@@@@@@@@@@@@@@@@@@@@@@@@@@@@@@@@@@@@@@@@@@@@@@@@@@@@@@@@@@@@@@@@@@@@@@@@@@@@@@@@@
@@@@@@@@@@@@@@@@@@@@@@@@@@@@@@@@@@@@@@@@@@@@@@@@@@@@@@@@@@@@@@@@@@@@@@@@@@@@@@@@@@@@@@@@@@@@@@@@@@@@@@@@@@@@@@@@@@@@@@@@@@@@@@@@
@@@@@@@@@@@@@@@@@@@@@@@@@@@@@@@@@@@@@@@@@@@@@@@@@@@@@@@@@@@@@@@@@@@@@@@@@@@@@@@@@@@@@@@@@@@@@@@@@@@@@@@@@@@@@@@@@@@@@@@@@@@@@@@@
@@@@@@@@@@@@@@@@@@@@@@@@WW&&@@@@@@@@@@@@@@@@@@@@@@@@WW^^  yy@@@@@@@@@@@@@@@@@@@@@@@@@@@@@@@@@@@@ll>>@@@@@@@@@@@@@@@@@@@@@@@@@@@@
@@@@@@@@@@@@@@@@@@@@@@@@  vv@@@@@@@@@@@@@@@@@@@@@@@@;;::WWBB@@@@@@@@@@@@@@@@@@@@@@@@@@@@@@@@@@@@tt,,@@@@@@@@@@@@@@@@@@@@@@@@@@@@
@@@@@@@@@@@@@@@@@@@@@@@@&&&&@@@@@@@@@@@@@@@@@@@@@@@@::GG@@@@@@@@@@@@@@@@@@@@@@@@@@@@@@@@@@@@@@@@nn,,@@@@@@@@@@@@@@@@@@@@@@@@@@@@
@@@@@@@@@@@@@@@@@@@@@@@@SS88@@@@&&SSiiWW@@@@@@@@&&SS  >>44&&QQSS@@@@@@^^//@@@@SS&&BBIIpp@@@@@@@@55^^@@@@@@@@@@@@@@@@@@@@@@@@@@@@
@@@@@@@@@@@@@@@@@@@@@@@@--ll@@00  SSSS  @@@@@@@@&&cc  ''++&&VV''@@@@@@vv**@@@@  ;;__ll  cc@@@@@@yy==@@@@@@@@@@@@@@@@@@@@@@@@@@@@
@@@@@@@@@@@@@@@@@@@@@@@@--ll@@SS--@@@@@@@@@@@@@@@@@@  hh@@@@VV''@@@@@@vv**@@@@  rr@@@@99  &&@@@@]];;@@@@@@@@@@@@@@@@@@@@@@@@@@@@
@@@@@@@@@@@@@@@@@@@@@@@@--ll@@00  ll&&@@@@@@@@@@@@@@  pp@@@@VV''@@@@@@TT**@@@@  DD@@@@&&  &&@@@@SS;;@@@@@@@@@@@@@@@@@@@@@@@@@@@@
@@@@@@@@@@@@@@@@@@@@@@@@--ll@@@@WW++  nn@@@@@@@@@@@@  GG@@@@VV''@@@@@@ss**@@@@  $$@@@@&&  &&@@@@SS>>@@@@@@@@@@@@@@@@@@@@@@@@@@@@
@@@@@@@@@@@@@@@@@@@@@@@@--ll@@@@@@@@MM  QQ@@@@@@@@@@  GG@@@@KK  @@@@@@??**@@@@  $$@@@@&&  &&@@@@&&HH@@@@@@@@@@@@@@@@@@@@@@@@@@@@
@@@@@@@@@@@@@@@@@@@@@@@@--ll@@,,&&@@&&  &&@@@@@@@@@@--GG@@@@WW  KK&&SS  **@@@@  $$@@@@&&  &&@@@@yy**@@@@@@@@@@@@@@@@@@@@@@@@@@@@
@@@@@@@@@@@@@@@@@@@@@@@@--ll@@ll  ''  yy@@@@@@@@@@@@  GG@@@@@@33    rrII**@@@@  $$@@@@&&  &&@@@@++  @@@@@@@@@@@@@@@@@@@@@@@@@@@@
@@@@@@@@@@@@@@@@@@@@@@@@&&@@@@@@&&&&&&@@@@@@@@@@@@@@&&@@@@@@@@@@&&&&@@@@@@@@@@@@@@@@@@@@@@@@@@@@@@&&@@@@@@@@@@@@@@@@@@@@@@@@@@@@
@@@@@@@@@@@@@@@@@@@@@@@@@@@@@@@@@@@@@@@@@@@@@@@@@@@@@@@@@@@@@@@@@@@@@@@@@@@@@@@@@@@@@@@@@@@@@@@@@@@@@@@@@@@@@@@@@@@@@@@@@@@@@@@@
@@@@@@@@@@@@@@@@@@@@@@@@@@@@@@@@@@@@@@@@@@@@@@@@@@@@@@@@@@@@@@@@@@@@@@@@@@@@@@@@@@@@@@@@@@@@@@@@@@@@@@@@@@@@@@@@@@@@@@@@@@@@@@@@
@@@@@@@@@@@@@@@@@@@@@@@@@@@@@@@@@@@@@@@@@@@@@@@@@@@@@@@@@@@@@@@@@@@@@@@@@@@@@@@@@@@@@@@@@@@@@@@@@@@@@@@@@@@@@@@@@@@@@@@@@@@@@@@@
@@@@@@@@@@@@@@@@@@@@@@@@@@@@@@@@@@@@@@@@@@@@@@@@@@@@@@@@@@@@@@@@@@@@@@@@@@@@@@@@@@@@@@@@@@@@@@@@@@@@@@@@@@@@@@@@@@@@@@@@@@@@@@@@
@@@@@@@@@@@@@@@@@@@@@@@@@@@@@@@@@@@@@@@@@@@@@@@@@@@@@@@@@@@@@@@@@@@@@@@@@@@@@@@@@@@@@@@@@@@@@@@@@@@@@@@@@@@@@@@@@@@@@@@@@@@@@@@@
@@@@@@@@@@@@@@@@@@@@@@@@@@@@@@@@@@@@@@@@@@@@@@@@@@@@@@@@@@@@@@@@@@@@@@@@@@@@@@@@@@@@@@@@@@@@@@@@@@@@@@@@@@@@@@@@@@@@@@@@@@@@@@@@
@@@@@@@@@@@@@@@@@@@@@@@@@@@@@@@@@@@@@@@@@@@@@@@@@@@@@@@@@@@@@@@@@@@@@@@@@@@@@@@@@@@@@@@@@@@@@@@@@@@@@@@@@@@@@@@@@@@@@@@@@@@@@@@@
